colonialdumb_region = {
	3004 3005 3006 3007 3008 3009 3010 3011 3012 3013 3014 3015 3016 3017 3018 3019 3020 3021 3022 3023 3024 3025 3026 3027 3028 3029 3030 3031 3032 3033 3034 3035 3036 3037 3038 3039 3040 3041 3042 3043 3044 3045 3046 3047 3048 3049 3050 3051 3052 3053 3054 3055 3056 3057 3058 3059 3060 3061 3062 3063 3064 3065 3066 3067 3068 3069 3070 3071 3072 3073 3074 3075 3076 3077 3078 3079 3080 3081 3082 3083 
}

colonial_african_great_lakes_region = {
	1273 1649 1798 1799 1925 4053 4054 4055 4056 4057 4058 4059 4060 4061 4062 4063 4064 4065 4066 4067 4068 4069 4070 4071 4072 4073 4074 4075 4076 4077 
}

colonial_kongo_region = {
	798 1169 1170 1901 2948 2949 4081 4082 4083 4084 4085 4086 4087 4088 4089 4090 4091 4092 4093 4094 4095 4096 4107 4098 4100 4101 4102 4103 4097 4099 4105 4109 
}

colonial_zambezi_region = {
	1184 1185 1187 1188 1189 1190 1191 2950 2951 2952 4034 4035 4036 4037 4038 4039 4040 4041 4042 4043 4044 4045 4046 4047 4048 4050 4104 4106 4108 
}

colonial_patagonia_region = {
	2868 2876 2869 786 2873 2874 780 781 782 783 2870 2875 2863 784 787 2862 785 2867 2871 2872 
}

colonial_amazonas_node_region = {
	1802 1803 2909 2910 2911 2929 2930 2931 2933 2934 2935 2889 2937 2938 2804 2811 742 744 2810 747 748 749 2890 2923 2924 2926 2927 2928 745 746 2936 834 502 743 2803 752 2886 2925 
	4617
}

colonial_rio_grande_region = {
	863 864 2498 2618 861 2614 2619 2666 2667 858 2499 2668 880 881 2495 875 878 2493 2494 882 885 2496 2497 883 886 2500 884 887 888 2665 2669 
	4606 4627 4629 4628 4644 4630 4631 4632
}

colonial_california_region = {
	855 859 862 877 2616 865 866 2620 868 871 869 2021 2476 867 876 879 2491 870 2477 2478 2479 2480 872 2481 2482 2483 873 2486 2487 2488 2019 2020 2489 2490 874 2484 2485 2003 2604 2605 2606 2607 972 973 974 2610 975 2022 2609 976 977 2613 978 979 2611 2612 1808 
	4648 4646 4650 4633 4577 4639 4635 4636 4637 4638 4634 4649 4578 4647 860 2492
}

colonial_girin_region = {
	1850 1049 2107 2108 2111 2106 2186 1058 2102 2104 1053 2103 1034 1035 1036 1037 1038 1039 1040 1041 1042 1043 1044 1046 1047 1052 1783 2438 2439 2440 2446  1055 1056 1057 730 2110 2188 4201 1033 1048 1050 4214 4216 729 731 2105 4215 4217 722 2109 2187 4202 4203 724 725 4218 727 728 2185 4200
	4654 4655 4656 4657 4658 4659 4660 4661 4662 4653 4663
	4664 4665 4674 4675 4672 2115
}

colonial_mississippi_river_region = {
	893 2014 2516 900 902 2513 2514 894 895 897 924 925 2531 2532 919 920 2528 2529 918 934 2527 899 2509 2515 889 890 2506 2507 2625 891 892 896 898 901 903 2508 2672 921 922 923 2530 2533 905 906 907 909 2007 1809 2008 2009 2504 2505 904 908 2512 1507 
}

colonial_ohio_region = {
	987 989 2585 2670 988 2586 2587 2671 991 1001 1007 2015 910 911 2517 2518 912 913 914 915 916 917 2519 2520 944 945 2521 2522 942 943 2523 2524 946 947 948 2525 954 2555 2556 2557 969 2559 2563 951 2526 2551 939 940 941 958 959 960 961 964 
}

colonial_mexico_region = {
	1551 854 2617 2621 2657 851 2622 2623 2624 2643 849 2627 2645 2648 850 852 2626 2628 2644 848 2630 2631 2641 2647 844 847 2629 2646 2632 2635 2638 2649 841 842 843 2636 2653 845 2633 2650 2651 846 2634 2652 853 856 857 2615 2642 
	4589 4594 4587 4586 4585 4588 4591 4590 4584 4582 4598 4583 4581 4571 4570 4572 4641 4573 4575 4580 4574 4579 4576 4640 4642 4643 4645 839
}

colonial_lhasa_region = {
	2129 2128 676 705 706 2134 4204 677 2130 4205 
	565 4481 4482 #bhutan_area
	557 2070 2071 4483 4485 #nepal_area
	4514 4515 4516 4517 4518 4519 4520 #new tibetan provinces
}

colonial_chengdu_region = {
	2132 2167 678 2135 2131 2133 660 661 2165 2166 679 680 4212 2169 2170 4211 675 2168 2748 4213
}

colonial_canton_region = {
	2161 1371 610 613 616 664 665 666 667 668 672 738 1016 1840 2154 2155 2156 2157 2158 2159 2160 2162 2163 2164 2173 2174 2372 671 2373 662 663 673 674 4199 
}

colonial_philippines_region = {
	1397 
	2701 2702 4355 #mindanao_area
	652 653 4354 #west_mindanao_area
	654 2700 4351 4352 4353 #visayas_area
	651 655 4356 #palawan_area
	657 658 2698 4348 #luzon_area
	656 2697 2699 4349 4350 #southern_luzon_area
}

colonial_polynesia_node_region = {
1107 2737 1108 2739 1106
1238 1242 1244 1989 1243
1990 1992 1240 1997
1235 1995 1996 1241 1991
1993 1994 1988 1986 1236
1987 1239
1109 1246 2738
}

colonial_australia_region = {
	1085 1086 1087 1088 1089 1090 1091 1092 1093 1790 1791 1094 1084 1412 2726 2727 2728 2729 2730 2731 2732 2733 2734 2735 2736 
	1411
}

colonial_nippon_region = {
	1376 1012 1014 1017 1018 1019 1020 1021 1023 1024 1025 1026 1027 1028 1029 1030 1031 1032 1818 1819 1820 1825 1830 1832 1835 1837 1839 1843 1847 1852 4131 4180 4181 4182 4183 4184 4185 4186 4187 4188 4189 4190 4191 4192 4193 1015 4359 4360 4651
	1845 2744 4232 #pyongan_area
	732 2742 2743 #hamgyeong_area
	733 735 4230 4231 #western_korea_area
	734 736 2694 2745 4227 #eastern_korea_area
	737 1013 2741 4228 4229 #south_korea_area
}

colonial_hangzhou_region = {
	669 670 683 684 685 686 1821 1822 1824 1829 1833 1838 1897 2143 2144 2145 2146 2147 2148 2149 2150 2151 2152 2153 2141 2142 4196 
}

colonial_xian_region = {
	687 1836 2181 2180 698 699 688 692 2183 2175 2176 681 682 2171 2172 4197 689 700 2179 4198 701 709 2191 4223 
	4676
}

colonial_beijing_region = {
	690 691 702 2138 2139 2140 2114 2747 703 1816 2136 4194 695 696 2137 4195 704 726 2112 2113 693 694 697 2177 2178 
	4233 4652
	4671 4670
}

colonial_the_moluccas_region = {
	646 2687 2688 2689 2690 2718 2724 1357 1245 647 645 2717 648 649 650 2725 2696 2695 635 633 634 643 2713 2714 642 2715 641 2716 632 627 2691 631 2693 629 2692 628 626 625 630 624 644 2723 
	2722 2721 1237 2720 2719 # eastern papua
	1789 # papua wasteland
}

colonial_gulf_of_siam_region = {
	592 600 601 602 603 604 605 606 609 607 608 611 612 614 615 1817 1823 1844 1022 2374 2375 2376 2377 2378 2379 2380 2381 2382 2383 2384 2385 2386 2387 2388 2389 591 2404 2371 1365
	589 #Karenni
}

colonial_malacca_region = {
	593 594 595 596 597 598 599 617 618 619 620 621 622 623 636 637 638 639 640 659 1361 2390 2391 2392 2393 2394 2673 2674 2675 2676 2677 2678 2679 2680 2681 2682 2683 2684 2685 2686 2703 2704 2705 2706 2707 2708 2709 2710 2711 2712 2740 
}

colonial_siberia_region = {
	1782 1781 1071 479 1054 1059 1061 1062 1063 1064 1067 1068 1070 480 1069 1073 1074 1080 1078 1075 1076 2357 2369 2427 2428 2429 2430 2431 2432 2433 2434 2436 2437 2442 2443 2445 1072 1780 1045 2435 1051 2441 2354 716 1065 1066 
	1060
	4679 4686 4687 4688 4689 4690 4691 4692
}

colonial_yumen_region = {
	710 1786 707 708 711 714 719 1784 2118 2119 2123 2189 2190 2194 2182 2184 2122 4206 4207 717 721 2116 4219 4220 720 2193 4221 713 715 2120 4208 718 2117 4222 712 2121 2192 
	4673 4666 4667 723 4669 4668 4681 4683 4682 4678 4677 4680 4684 4693
}

colonial_burma_region = {
	570 573 2041 #naga_hills_area
	584 2399 581 #upper_burma_area
	2398 580 4393 2397 #chindwin_area
	566 571 2040 2042 4440 #assam_area
	4394 4396 585 4395 #central_burma_area
	583 588 2400 4397 4406 #shan_hill_area
	587 2401 4398 #karenni_area 
	582 2395 2396 4404 4405 #kachin_area
	567 2091 4473 #tripura_area
}

colonial_ganges_delta_region = {
	1343
	553 2082 4447 4451 4452 #upper_mahanadi_area
	547 2048 4445 4446 4448 #garjat_area
	561 2081 4476 4477 #west_bengal_area
	564 2039 4474 4475 4478 #east_bengal_area
	552 2038 2043 2049 4441 #orissa_area
	560 2096 4450 4470 4471 #jharkhand_area
	562 2045 2046 4486 #north_bengal_area
	563 2044 4479 #gaur_area
	568 579 2402 #arakan_area
	586 590 1815 2403 4399 #lower_burma_area
	558 4469 4472 4489 #bihar_area
	2047 4484 4487 4488 #mithila_area
}

colonial_doab_region = {
	522 2060 2062 #upper_doab_area
	2061 4498 4499 #katehar_area
	519 520 2064 4500 #jaipur_area
	523 2094 4494 4495 4497 #oudh_area
	555 2055 2095 4490 #purvanchal_area
	524 556 2063 4496 #lower_doab_area
	525 528 740 4464 4465 #gird_area
	559 2059 4459 4466 4467 #bundelkhand_area
	2097 2098 4468 #baghelkhand_area
	4491 4492 554 #baisi_rajya_area
	509 511 2069 4493 #himalayan_hills_area
}

colonial_lahore_region = {
	1785 1787 2200 #Wastelands
	508 2073 2074 4449 4521 #kashmir_area
	507 2075 2076 4510 4513 #lahore_area
	506 2079 2086 4508 4509 #multan_area
	2077 2078 4511 #sind_sagar_area
	510 2065 4411 4463 #sirhind_area
	576 577 2068 #kalat_area
	448 451 452 578 2226 #kabulistan_area
	447 449 2225 #ghor_area
	450 2227 2228 #balkh_area
}

colonial_deccan_region = {
	526 2056 2057 2093 4461 #malwa_area
	550 551 2092 4458 4460 #gondwana_area
	532 2033 4428 #raichur_doab_area
	2028 4438 4444 #telingana_area
	542 2037 4436 4439 #golconda_area
	527 4434 4453 #khandesh_area
	569 1948 2035 4435 #maidan_area
	546 548 2050 4442 4443 #berar_area
	1946 2034 4431 #desh_area
	544 545 4432 4433 4437 #ahmednagar_area
}

colonial_comorin_cape_region = {
	1340
	2083 4418 4419 4420 #north_carnatic_area
	539 540 1947 2027 4417 #south_carnatic_area
	536 2101 4412 #madura_area
	2100 4408 4409 #lanka_area
	572 2099 4407 #south_lanka_area
	574 1101 1248 1998 1999 #indian_ocean_islands_area
	538 2085 4414 #kongu_area
	2026 4415 4416 #tanjore_area
	533 2031 4421 4422 4426 #mysore_area
	541 1949 2090 4423 4424 #rayalaseema_area
	534 535 537 4410 4413 #malabar_area
	531 2029 2030 2032 4427 #kanara_area
	543 549 2084 2080 4425 #andhra_area
}

colonial_gujarat_region = {
	518 2058 2087 4501 4462 #mewar_area
	512 4502 4507 2066 #jangladesh_area
	513 514 2067 4506 #marwar_area
	504 2088 4503 4504 #sindh_area
	505 2072 4505 #northern_sindh_area
	529 530 2089 4429 #konkan_area
	515 521 2052 4454 4455 #saurashtra_area
	517 2036 4430 #tapti_area
	503 2053 4456 4480 #patan_area
	516 2051 2054 4512 4457 #ahmedabad_area
}

colonial_katsina_region = {
	1144 1146 1162 1145 1152 1153 1150 1154 1155 1156 1157 1158 1160 1161 1249 1149 1148 2273 2272 2274 2275 2276 2277 2278 2279 2280 2281 2282 2283 2284 2285 2286 2287 2288 2293 2475 1159 
}

colonial_ethiopia_region = {
	774 1217 1218 1222 1228 2756 2757 2758 2759 2760 2761 2762 2763 2772 2791 2778 2785 2797 2766 2767 2769 2770 2771 2779 2780 2781 1224 1213 1223 1214 1216 1221 2800 2801 2802 1229 1225 1226 1227 1220 1207 1208 1210 2798 2799 1219 2776 2932 4033 4158 2777 4051 4052 
}

colonial_gulf_of_aden_region = {
	2324 2775 2782 2783 2786 2788 2789 2790 2793 2794 2795 2024 1205 1206 1209 1212 1215 1230 2765 2773 2792 2784 1211 2764 2787 1232 1331 1779 
	2768 #Angot
	401 2341 2342 #dhofar_area
	402 1099 4284 #mahra_area
	387 2346 4279 #tihama_al_yemen_area
	390 2344 4281 #upper_yemen_area
	388 2345 4280 #yemen_area
	386 391 4282 #asir_area
	389 2343 4283 #hadramut_area
	1328 1329 1330 4333 #Red Sea Area
	4346
}

colonial_hormuz_region = {
	397 398 404 2333 #pirate_coast_area
	432 2220 2234 4345 #kerman_area
	434 575 2231 2232 2233 #makran_area
	430 2219 2223 4332  #persian_gulf_coast
	2218 4329 4330 4331 #farsistan_area
	403 4285 4287 #oman_area
	399 400 4286 #mascat_area
	431 2999 4327 #mogostan_area
	1332 1334 1335 4347#Sea
}

colonial_zanzibar_region = {
	1448 788 1100 1102 1103 1183 1186 1192 1193 1194 1195 1196 1197 1198 1199 1200 1201 1202 1203 1204 1792 2796 2774 4020 4021 4022 4023 4024 4025 4026 4027 4028 4029 4030 4031 4032 4049
}

colonial_cape_of_good_hope_region = {
	1460 789 833 1175 1176 1177 1178 1179 1180 1181 1182 1173 1800 2856 2864 2880 4781 4782 4783 4784
}

colonial_basra_region = {
	1335 #Persian Gulf
	412 2217 4289 4290 4342 #khuzestan_area
	394 395 396 2340 2347 #bahrain_area
	393 2338 4272 #nafud_area
	392 2337 4273 4274 #qasim_area
	2335 2336 2339 4275 #yamamah_area
	408 2311 2312 4288 #basra_area
	406 409 410 2310 4291 #iraq_arabi_area
	413 414 2209 2210 #luristan_area
	415 2211 4293 4294 #shahrizor_area
	2334 4276 #Wasteland
}

colonial_samarkand_region = {
	440 441 442 444 445 453 454 455 456 457 459 476 477 1967 1969 1970 1973 461 478 2126 2370 2362 2363 2356 2364 2368 2355 2360 2361 2358 2352 2351 2353 2359 458 2125 460 2350 437 438 439 443 2349 739 2124 2127 4209 4210 
	1968 4344 4343 #termez_area
	4685
}

colonial_persia_region = {
	435 2224 2229 2230 #sistan_area
	436 4334 4336 #birjand_area
	446 4324 4325 #herat_area
	2221 2235 2236 4326 #mashhad_area
	417 426 2214 4339 4341 #tabarestan_area
	427 428 2213 2216 4337 #iraq_e_ajam_area
	429 433 2222 4335 4171 #isfahan_area
	419 420 2202 2205 4302 #armenia_area
	421 424 4299 4305 4340 #shirvan_area
	416 2206 2207 4304 #tabriz_area
	2212 2215 4300 4338 #azerbaijan_area
	4177 4170 4172 4179#Wasteland
}

colonial_aleppo_region = {
	418 2306 2307 4295 4296 #north_kurdistan_area
	377 1849 2313 4298 #aleppo_area
	378 382 1855 4297 #syria_area
	407 411 2309 2314 4292 #al_jazira_area
	332 2303 2308 4310 #dulkadir_area
	405 4270 4271 #syrian_desert_area
	321 327 2302 #cukurova_area
	323 324 2301 4307 #karaman_area
}

colonial_alexandria_region = {
	1234 2322 2323 #lower_nubia_area
	364 379 1854 #palestine_area
	384 2329 2330 #medina_area
	383 2328 4268 4269 #tabuk_area
	385 2331 2332 4277 4278 #mecca_area
	380 381 2327
	365 2315 2320 2321 #gulf_of_arabia_area
	1233 2318 4323 #al_wahat_area
	358 362 363 #delta_area
	361 2316 4316 4317 #bahari_area
	359 2317 4318 #vostani_area
	360 1231 2319 4319 4320 #said_area
	356 357 2325 2326 #cyrenaica_area
	4321 4322 #Wastelands
}

colonial_astrakhan_region = {
	288 303 465 467 469 470 474 1971 2365 2367 2366 2409 2418 2419 472 471 464 466 468 2416 2417 
	302 304 2415 #tambov_area
	425 2198 2199 2208 4306 #dagestan_area
}

colonial_crimea_region = {
	1323 1322 462 1856 463 2201 2195 2197 282 1974 2406 286 287 2413 2414 284 285 2410 2447 283 2411 2412 330 331 2305 422 268 1756 2405 
	423 2203 4301 #kartli_kakheti_area
	2196 2204 4303 #samtskhe_area
	4529 4530
}

colonial_constantinople_region = {
	1320 149 151 1764 325 328 2299 2304 150 159 1765 2746 2750
	329 1846 2300 4314 4315 #rum_area
	316 317 2296 #hudavendigar_area
	322 1848 4308 4311 #germiyan_area
	318 319 2297 2298 4309 #aydin_area
	326 4312 4313 #ankara_area
	164 320 1319 2348 3003 #aegean_archipelago_area
	4700 4703 4704 4705 4706 4779 # 1.30
}

colonial_kiev_region = {
	272 279 281 770 1937 1943 2962 277 278 1941 
	291 298 299 2408 #sloboda_ukraine_area
	293 297 4244 4245 #smolensk_area
	296 300 4116 #oka_area
	280 1942 1944 4247 #west_dniepr_area
	289 290 1945 2407 #east_dniepr_area
	292 771 4246 #White Ruthenia
	276 4115 4242 #minsk_area
	4538 4537 4536 4535 4545 4544 4540 4539 4542 4543 269
}

colonial_kazan_region = {
	306 1079 1083 1957 #galich_area
	2421 4265 4267 #volga_area
	475 1965 1966 2420 2444 #bashkiria_area
	473 1081 2423 #samara_area
	1082 2422 4264 #kazan_area
	305 1962 1972 4266 #kama_area
}

colonial_novgorod_region = {
	30 32 309 4124 33 34 1961 
	274 275 1960 4148 #pskov_area
	310 311 1959 2749 4260 #novgorod_area
	294 1752 4243 4248 4249  #tver_area
	301 1778 4255 #ryazan_area
	295 4251 4252 #moscow_area
	307 4147 4253 #vladimir_area
	308 1753 4117 4250 #yaroslavl_area
	1754 1956 4254 #suzdal_area
	312 4259 4261 #beloozero_area
}

colonial_cuiaba_region = {
	800 2902 2901 801 2835 2834 2838 794 2942 797 2941 2940 2946 795 793 2900 796 2840 2839 2837 792 791 2841 2836 802 804 2831 2947 803 2832 2833 775 776 799 2842 2882 2883 
	2888 2903 2904 2905 #Mato Grosso
}

colonial_laplata_region = {
	772 773 777 778 779 790 1536 1095 2025 2843 2844 2845 2846 2847 2848 2849 2850 2851 2852 2853 2854 2855 2857 2858 2859 2860 2861 2865 2866 2877 2878 2879 2884 2887 
}

colonial_lima_region = {
	812 2002 2821 2822 2826 816 817 819 820 2820 815 818 821 2823 2944 2945 813 2824 2825 2943 809 810 811 814 2827 807 808 2829 2830 805 806 2828 
}

colonial_brazil_region = {
	1531 750 751 753 754 755 756 757 758 759 760 761 762 763 764 765 766 768 769 2881 2885 2891 2892 2893 2894 2895 2896 2897 2898 2899 2906 2907 2908 2912 2913 2914 2915 2916 2917 2918 2919 2920 2921 2922  
}

colonial_timbuktu_region = {
	1115 2237 2240 1122 1125 2251 1135 1137 2265 2266 1136 2256 2267 2252 2253 2254 2255 1138 2247 1120 1121 1124 1123 1131 1132 1134 1133 1142 2243 2244 2245 2246 2248 2249 2250 2259 2260 2261 2262 2263 2264 2268 2269 2270 1127 1128 1129 1130 2271 1140 1143 2291 2292 2295 
}

colonial_ivory_coast_region = {
	1164 1165 1166 1096 1793 2241 1466 1097 1098 1118 1119 1151 1163 2242 1168 1306 4078 4079 4080 1126 1139 1141 2257 2258 1147 2289 2290 2294 1111 1112 1113 1116 2239 1114 1117 2238 1167 1171 1172 1174 
}

colonial_tunis_region = {
	355 339 340 341 350 351 352 353 354 1882 2448 2449 2450 2451 2452 2453 2454 2455 2456 2457 2458 2472 2473 2474 2954 4566 4567
}

colonial_ragusa_region = {
	137 138 139 140 141 142 143 144 147 1766 1827 1831 1853 3000 3002 3001 4174 4175 4176 131 148 1828 136 1826 4239
	145 146 163 1773 #morea_area
	4702 4699 4698 4701 4750 4752 4753 4754 4755 4757 4780 # 1.30
}

colonial_safi_region = {
	344 345 346 347 348 1110 2460 2464 2466 2467 2468 2469 2470 342 343 349 2459 2462 2463 336 337 338 2461 2465
	4564 4562 4568
}

colonial_pest_region = {
	135 153 1864 4126 4240 # Transdanubia
	155 1953 1954 4125 # Alfold
	154 162 1318 1772 4236 # Slovakia
	157 158 1952 4127 # Northern Transylvania
	156 1951 4128 # Southern Transylvania
	152 1767 4173 4756 # Slavonia
	160 161 2998 4531 4532 # wallachia_area
}

colonial_krakow_region = {
	258 259 260 261 262 263 264 1940 256 257 1938 1939 254 255 2424 2959 2960 2961 2966 
	4238 2963 1859 4523 4524 4526 4528 4525 4527 4533 4541
	4723
}

colonial_wien_region = {
	64 65 76 128 132 133 134 1757 1770 1863 2955 2956 2957 68 1868 70 1872 73 110 1768
	4707 4708 4709 4710 4711 4712 4713
	4758 4759 4760 4761 4762 # Austria 1.30
	265 4237 4726 # Moravia
}

colonial_saxony_region = {
	49 50 57 62 63 1758 51 60 61 267 1759 1763 1771 52 58 59 2964 2965 2967 2971 2969 266 2968 2970 2993
	4724 4725 4741 4742 4743 4744 4747 4748 4773 4778
}

colonial_baltic_sea_region = {
	1926 1 2 3 4 5 1985 8 9 11 18 19 25 27 28 29 31 35 37 38 39 40 271 273 1930 1935 1936 41 42 43 1841 767 2958 2997 4113 4114 4123 4152 4166 270 36 1834 1842 4241
	4534
}

colonial_rheinland_region = {
	56 72 74 75 77 78 79 80 81 82 83 84 85 86 1760 1761 1869 1870 1876 1878 1880 2973 2975 166 1873 2972 1762 66 67 
	4714 4718 4715 4716 4717 71 69
	4722 4765 4767 4768 4774 4775
}

colonial_panama_region = {
	840 2637 2640 2662 837 838 2660 2661 2663 826 835 836 2664 2819 828 2806 824 825 827 832 2817 2812 2814 2815 822 823 2816 2818 
	4605 4604 4607 4608 4603 4600 4601 4602 4599 4596 4595 4597 4592 4593 829
}

colonial_carribean_trade_region = {
	927 928 2534 926 2535 2536 484 485 2656 486 2654 2655 488 489 490 2658 2659 487 481 491 492 482 483 493 494 495 496 1881 497 498 499 500 501 830 2807 2813 741 831 2808 834 2805 2809 2810 2939 1516 
	4626 4625 4624 4622 4623 4619 4618 4620 4621 4616 4615 4612 4613 4609 4611 4614 4610
}

colonial_chesapeake_bay_region = {
	1500 930 931 2537 2538 929 2539 2540 932 933 2541 2542 2543 937 2544 2545 938 2546 2547 935 936 2548 949 2011 2552 950 952 2549 2550 953 2553 2554 955 956 957 962 2023 963 965 2558 2639 967 2010 2560 966 968 2561 970 2562 2564 
}

colonial_james_bay_region = {
	1486 998 999 1000 1003 1004 1005 1006 1008 1009 1010 1011 1805 1806 1807 1811 1813 2004 2005 2016 2017 2018 2589 2590 2591 2592 2593 2594 2595 2596 2597 2598 2599 2600 2601 2602 2603 2511 1812 2588 1002 2006 2501 2502 2503 2510
}

colonial_st_lawrence_region = {
	996 2576 2577 2578 986 994 995 2582 2583 990 993 2584 2012 971 2013 2565 2566 2567 985 2570 2571 2572 980 981 2573 997 2574 2575 992 2579 2580 2581 969 2559 2563 982 983 984 2568 2569 1104 1105 1490 1804
}

colonial_white_sea_region = {
	1652 315 1777 1963 2425 2426 4151 1077 1755 1963 1964 4129 
	1955 4122 4256 4257 #arkhangelsk_area
	313 1776 1958 4258 #pomor_area
	314 4262 4263 #vologda_area
}

colonial_north_sea_region = {
	1975 1266 1280 1281 1282 1929 4153 4146  #Seas and Wastelands
	248 249 251 #lowlands_area
	246 247 4361 4362 #scottish_marches_area
	253 4364 4365 #kingdom_of_the_isles_area
	250 252 369 4110 4363 #highlands_area
	375 376 4119 #connacht_area
	373 374 4120 4379 #leinster_area
	372 4121 4380 #ulster_area
	4118 4377 4378 #munster_area
	10 20 21 #northern_norway
	1978 1979 #subarctic_islands_area
	370 371 #iceland_area
	23 24 2752 4145 #western_norway
	4375 244
}

colonial_lubeck_region = {
	6 12 13 14 15 16 17 22 26 44 45 46 47 48 53 54 55 1775 1857 1874 1858 1981 1982 1983 1984 7 2994 2995 2996 4141 4142 4143 4144 4149 4163 4164 4165 
	4749 4745 4746 4771 4772 4786
}

colonial_bordeaux_region = {
	1276 #Water 
	190 195 199 # massif_central_area
	169 170 171 172 4384 #brittany_area
	194 198 4112 #guyenne_area
	180 4111 4386 4387 #poitou_area
	173 209 210 #basque_country
	174 175 176 #pyrenees_area
	177 178 4389 #loire_area
	2989
	4694 4697 4777 # new for 1.30
}

colonial_sevilla_region = {
	206 207 208 1746 215 216 231 232 1293 217 218 219 221 222 223 224 225 226 227 228 229 230 334 335 367 1745 1747 1748 1749 1751 1851 2754 2755 2751 4150 
	4546 4547 4548 4551 4552 4553 4554 4555 4556 4558
	4561 4563 368 366 4565 4787 4788 4789
}

colonial_champagne_region = {
	182 183 185 4388 #ile_de_france_area
	179 184 4776 # Orleans area
	181 186 4390 #champagne_area
	187 188 189 #lorraine_area
	165 1867 1871 #romandie_area
	91 93 94 1866 #wallonia_area
	191 192 193 1877 4392 #bourgogne_area
	203 204 205 4719 #savoy_dauphine_area
	4720 4721 4764 4766 
}

colonial_valencia_region = {
	1295
	197 212 213 2987 2988 #catalonia_area
	220 1750 4549 4550 #valencia_area
	211 214 2990 4557 #aragon_area
	333 4559 4560 # Baleares
	196 200 2753 4391 4695 #languedoc_area
}

colonial_genua_region = {
	1298 #Sea
	124 125 126 2982 #sicily_area
	115 116 117 2978 2980 #tuscany_area
	123 1934 2984 #calabria_area
	101 102 2992 #liguria_area
	103 1875 2981 #piedmont_area
	127 1247 2986 #corsica_sardinia_area
	201 202 2991 #provence_area
	4696  # new for 1.30
	4727 4735 4736 4737 # also new for 1.30, but this time it's in Italy
	118 2976 4731 4732 # lazio-umbria
	121 2983 4734 # campania
	104 1862 2979 4728 4740 # Lombardy
}

colonial_venice_region = {
	105 106 107 108 109 111 112 113 114 119 120 122 129 130 1308 1769 1774 1933 2977 2985 4729 4730 4733 4738 4739 4751
}

colonial_english_channel_region = {
	1269 1269 1270 1271 #Seas
	167 168 1879 4385 #normandy_area
	87 88 89 1743 #picardy_area
	241 242 4366 4369 #wales_area
	245 4367 4368 4785 #yorkshire_area
	239 240 4372 #west_midlands_area
	243 1860 1861 4370 4376 #east_midlands_area
	233 234 4130 4373 4374 #wessex_area
	235 236 237 238 4371 #home_counties_area
	92 95 98 99 2974 #netherlands & brabant_area
	96 97 4383 #holland_area
	100 1931 4381 4382 #frisia_area
	90 1744 1865 #flanders_area
	4769 4770 1742
}

colonial_alaska = {
	979 978 977 976 975 974 972 2022 2609 2610 2611 2612 2613
	2481 2482 2483 872 2019 2020 2489 2490 2486 2487 2488 873 2484 2485 874 2604 2605 2606 2607
	2003 973 2004 2602 2017 2018 2599 2600 2601 2603
}

colonial_canada = {
	1010 1008 1009 1011 1006 1005 1004 1007 1002 1003 1000 999 998 1001 992 991 989 988 987
	993 990 994 986 985 984 995 996 997 981 980 983 982 1813 2012 2015 2568 2569 2570
	2571 2572 2573 2574 2575 2576 2577 2578 2579 2580 2581 2582 2583 2584 2585 2586 2587 2588
	2589 2590 2591 2592 2593 2594 2595 2596 2597 2670 2671
}

colonial_eastern_america = {
	929 931 932 933 935 936 937 938 949 950 951 952 953 954 955 956 957 958 962 963 965
	966 967 968 970 971 926 927 928 930 923 924 922 934 939 941 940 948 947 946 959 960 961
	964 969 925 2010 2011 2013 2023 2525 2526 2527 2531 2532 2533 2534 2535 2536 2537 2538
	2539 2540 2541 2542 2543 2544 2545 2546 2547 2548 2549 2550 2551 2552 2553 2554 2555 2556
	2557 2558 2559 2560 2561 2562 2563 2564 2565 2566 2567 2639
	4626 4625
}

colonial_louisiana = {
	893 894 895 897 899 900 915 916 918 919 920 921 942 943 896 917 909 906 898 901 903
	907 908 905 904 902 944 945 914 913 912 911 910 1809 2005 2006 2007 2008 2009 2014 2016
	2501 2502 2503 2504 2505 2506 2507 2508 2509 2510 2511 2512 2513 2514 2515 2516 2517 2518 2519
	2520 2521 2522 2523 2524 2528 2529 2530 2598 2625 2672
}

colonial_california = {
	868 867 876 875 870 869 871 2021
	2476 2477 2478 2479 2480 2491
	2493    
	4638 4637 4636 4635 4634
	865 866 2620 4639 4577 2616 4650 862 4649 877 4633 # beja california, arizona, and sonoria
}

colonial_mexico = {
	863 864 859 860 861 855 856 858 857 854 851 853 849 850 848 847 844
	852 846 845 843 842 841 840 839 837 882 885 891 890 881 880 889 878 879 884 888
	883 892 886 887 2492 2494 2495 2496 2497 2498 2499 2500 2614 2615 2617 2618 2619 
	2621 2622 2623 2624 2626 2627 2628 2629 2630 2631 2632 2633 2634 2635 2636 2637 2638 2640
	2641 2642 2643 2644 2645 2646 2647 2648 2649 2650 2651 2652 2653 2657 2661 2662
	2665 2666 2667 2668 2669
	4632 4631 4630 4628 4629 4627 4606 4644 4646 4648 4647 4645 4643 4642 4578 4640 4576 4579 4580 4575 4574 4573 4641 4572 4571 4570 4581 4583 4598 4582 4584 4585 4586 4587 4594 4589 4588 4590 4591 4593
}

colonial_the_carribean = {
	482 483 484 485 486 487 488 489 490 491 492 493 494 495 496 497 498 499 500 501 502 1881
	2654 2655 2656 2658 2659
	4624 4622 4623 4619 4618 4620 4621
}

colonial_colombia = {
	815 816 817 818 819 820 821 2820 #Quito
	822 823 824 825 826 827 832 2812 2814 2815 2816 2817 2818 #New Granada
	835 836 838 2660 2663 2664 2819 #Castilla del Oro
	828 829 2806 #New Andalucia
	741 742 830 831 834 2803 2805 2807 2808 2809 2810 2811 2813 2939 #Venezuela
	2931 743 744 745 2937 2804 746 #Guyana
	4592 4597 4595 4596 4599 4600 4601 4602 4610 4603 4614 4611 4609 4612 4613 4608 4607 4617 4605 4604 4615 4616 # new for 1.28
}

colonial_peru = {
	795 797 800 801 802 803 2831 2832 2833 2834 2835 2838 2940 2941 2942 2946 2947 #Bolivia
	804 805 809 810 811 812 813 814 2821 2822 2823 2824 2825 2826 2827 2943 #Tawantisuyu
	806 807 808 2828 2829 2830 #Kuntisuyu
	2944 2945 #Amazon
}

colonial_la_plata = {
	780 781 782 786 2863 2868 2869 2870 2875 2876 #Patagonia
	785 2843 2844 2845 2847 2867 2871 2872 2877 #Cuyo
	779 2860 2861 2865 2866 #Southern Pampas
	777 778 2846 2848 2849 2853 2855 2858 2859 #Buenos Aires
	791 794 2836 2837 2839 2842 #tucuman
	790 2854 2878 #Chaco
	772 773 2850 2851 2852 #Banda Oriental
	783 784 787 792 793 796 2840 2841 2862 2873 2874 #Chile
	775 776 799 2882 2883 #Paraguay
}

colonial_brazil = {
	2857 2879 2884 2887 #Rio Grande
	759 765 2891 2892 2894 2898 2899 #Minas Gerais
	758 2906 2907 2908 2909 2910 2911 2919 #Goias
	2881 2888 2893 2900 2901 2902 2903 2904 2905 2920 #Mato Grosso
	766 768 769 2895 2896 2897 #Sao Paolo
	762 763 764 #Rio De Janeiro
	756 757 760 761 2914 2916 #Bahia
	750 751 753 754 755 2885 2912 2913 2915 2917 2918 2921 2922 #Pernambuco
	749 752 2886 2923 2924 2925 2926 2927 #Maranhao
	747 748 2890 2928 2929 2930 2933 2934 2935 #Grao-Para
	2889   2938 #Guyana
}

colonial_australia = {
	1084 1085 1086 1087 1088 1089 1090 1091 1092 1093 1094
	1246 1109 1107 1108 1106 2726 2727 2728 2729 2730 2731
	2732 2733 2734 2735 2736 2737 2738 2739
}

colonial_placeholder_1 = {
}

colonial_placeholder_2 = {
}

colonial_placeholder_3 = {
}

colonial_placeholder_4 = {
}

colonial_placeholder_5 = {
}

colonial_placeholder_6 = {
}

colonial_placeholder_7 = {
}

colonial_placeholder_8 = {
}

colonial_placeholder_9 = {
}

colonial_placeholder_10 = {
}

colonial_placeholder_11 = {
}

colonial_placeholder_12 = {
}

colonial_placeholder_13 = {
}

colonial_placeholder_14 = {
}

colonial_placeholder_15 = {
}

colonial_placeholder_16 = {
}

colonial_placeholder_17 = {
}

colonial_placeholder_18 = {
}

colonial_placeholder_19 = {
}

trade_company_west_africa = {
	1164 1165 1166 1096 1793 2241 1466 1097 1098 1118 1119 1151 1163 2242 1168 1306 4078 4079 4080 
	1111
	1126 1139 1141 2257 2258 #West Africa Coast
	1147 2289 2290 2294 #Benin
	1112 1113 1116 2239 #Jolof
	1114 1117 2238 #Futa Jalon
	1167 1171 1172 1174 #Angola
}

trade_company_south_africa = {
	789 833 1175 1176 1177 1178 1179 1180 1181 1182 1801 1173 1800 2856 2864 2880 4781 4782 4783 4784
}

trade_company_east_africa = {
	788 1100 1102 1103 1183 1186 1192 1193 1194 1195 1196 1197 1198 1199 1200 1201 1202 1203 1204 1792 2796 2774 4020 4021 4022 4023 4024 4025 4026 4027 4028 4029 4030 4031 4032 4049 
}

trade_company_west_india = {
	518 2058 2087 4501 4462 #mewar_area
	512 4502 4507 2066 #jangladesh_area
	513 514 2067 4506 #marwar_area
	504 2088 4503 4504 #sindh_area
	505 2072 4505 #northern_sindh_area
	529 530 2089 4429 #konkan_area
	515 521 2052 4454 4455 #saurashtra_area
	517 2036 4430 #tapti_area
	503 2053 4456 4480 #patan_area
	516 2051 2054 4512 4457 #ahmedabad_area
}

trade_company_east_india = {
	553 2082 4447 4451 4452 #upper_mahanadi_area
	547 2048 4445 4446 4448 #garjat_area
	561 2081 4476 4477 #west_bengal_area
	564 2039 4474 4475 4478 #east_bengal_area
	552 2038 2043 2049 4441 #orissa_area
	560 2096 4450 4470 4471 #jharkhand_area
	562 2045 2046 4486 #north_bengal_area
	563 2044 4479 #gaur_area
	568 579 2402 #arakan_area
	586 590 1815 2403 4399 #lower_burma_area
	558 4469 4472 4489 #bihar_area
	2047 4484 4487 4488 #mithila_area
}

trade_company_burma = {
	570 573 2041 #naga_hills_area
	584 2399 581 #upper_burma_area
	2398 580 4393 2397 #chindwin_area
	566 571 2040 2042 4440 #assam_area
	4394 4396 585 4395 #central_burma_area
	583 588 2400 4397 4406 #shan_hill_area
	587 2401 4398 #karenni_area 
	582 2395 2396 4404 4405 #kachin_area
	567 2091 4473 #tripura_area
}

trade_company_coromandel = {
	2083 4418 4419 4420 #north_carnatic_area
	539 540 1947 2027 4417 #south_carnatic_area
	536 2101 4412 #madura_area
	2100 4408 4409 #lanka_area
	572 2099 4407 #south_lanka_area
	574 1101 1248 1998 1999 #indian_ocean_islands_area
	538 2085 4414 #kongu_area
	2026 4415 4416 #tanjore_area
	533 2031 4421 4422 4426 #mysore_area
	541 1949 2090 4423 4424 #rayalaseema_area
	534 535 537 4410 4413 #malabar_area
	531 2029 2030 2032 4427 #kanara_area
	543 549 2084 2080 4425 #andhra_area
}

trade_company_deccan = {
	526 2056 2057 2093 4461 #malwa_area
	550 551 2092 4458 4460 #gondwana_area
	532 2033 4428 #raichur_doab_area
	2028 4438 4444 #telingana_area
	542 2037 4436 4439 #golconda_area
	527 4434 4453 #khandesh_area
	569 1948 2035 4435 #maidan_area
	546 548 2050 4442 4443 #berar_area
	1946 2034 4431 #desh_area
	544 545 4432 4433 4437 #ahmednagar_area
}

trade_company_north_india = {
	522 2060 2062 #upper_doab_area
	2061 4498 4499 #katehar_area
	519 520 2064 4500 #jaipur_area
	523 2094 4494 4495 4497 #oudh_area
	555 2055 2095 4490 #purvanchal_area
	524 556 2063 4496 #lower_doab_area
	525 528 740 4464 4465 #gird_area
	559 2059 4459 4466 4467 #bundelkhand_area
	2097 2098 4468 #baghelkhand_area
	4491 4492 554 #baisi_rajya_area
	509 511 2069 4493 #himalayan_hills_area
}

trade_company_indonesia = {
	593 594 595 596 597 598 599 617 618 619 620 621 622 623 636 637 638 639 640 659 1361 2390 2391 2392 2393 2394 2673 2674 2675 2676 2677 2678 2679 2680 2681 2682 2683 2684 2685 2686 2703 2704 2705 2706 2707 2708 2709 2710 2711 2712 2740
}

trade_company_philippines = {
	2701 2702 4355 #mindanao_area
	652 653 4354 #west_mindanao_area
	654 2700 4351 4352 4353 #visayas_area
	651 655 4356 #palawan_area
	657 658 2698 4348 #luzon_area
	656 2697 2699 4349 4350 #southern_luzon_area
	   #west_micronesia_area
	    #polynesia_area
	    #micronesia_area
}

trade_company_moluccas = {
	646 2687 2688 2689 2690 2718 2724 1357 1245 647 645 2717 648 649 650 2725 2696 2695 635 633 634 643 2713 2714 642 2715 641 2716 632 627 2691 631 2693 629 2692 628 626 625 630 624 644 2723
	2722 2721 1237 2720 2719 # eastern papua
}

trade_company_indochina = {
	589 592 600 601 602 603 604 605 606 609 607 608 611 612 614 615 1817 1823 1844 1022 2374 2375 2376 2377 2378 2379 2380 2381 2382 2383 2384 2385 2386 2387 2388 2389 591 2404 2371
}

trade_company_south_china = {
	2161 1371 610 613 616 664 665 666 667 668 672 738 1016 1840 2154 2155 2156 2157 2158 2159 2160 2162 2163 2164 2173 2174 2372 671 2373
	662 663 673 674 4199 #Yun-Gui Hinterland
}

trade_company_east_china = {
	669 670 683 684 685 686 1821 1822 1824 1829 1833 1838 1897 2143 2144 2145 2146 2147 2148 2149 2150 2151 2152 2153
	2141 2142 4196 #North Jiangsu
}

trade_company_north_china = {
	690 691 702 2138 2139 2140 2114 2747 4671
	703 1816 2136 4194 #North Hebei
	695 696 2137 4195 #South Hebei
	704 726 2112 2113 4652  #Liaoning
	693 694 697 2177 2178 #Shanxi
	4670
}

trade_company_north_sea = {
	248 249 251 #lowlands_area
	246 247 4361 4362 #scottish_marches_area
	253 4364 4365 #kingdom_of_the_isles_area
	250 252 369 4110 4363 #highlands_area
	375 376 4119 #connacht_area
	373 374 4120 4379 #leinster_area
	372 4121 4380 #ulster_area
	4118 4377 4378 #munster_area
	10 20 21 #northern_norway
	1978 1979 #subarctic_islands_area
	370 371 #iceland_area
	23 24 2752 4145 #western_norway
}

trade_company_white_sea = {
	1955 4122 4256 4257 #arkhangelsk_area
	313 1776 1958 4258 #pomor_area
	314 4262 4263 #vologda_area
	1777 4151 315 # laponia
	1755 4129 1964 1963 # perm
	1077
}

trade_company_lubeck = {
	6 12 13 14 15 16 17 22 26 44 45 46 47 48 53 54 55 1775 1857 1874 1858 1981 1982 1983 1984 7 2994 2995 2996 4141 4142 4143 4144 4149 4163 4164 4165 
	4749 4745 4746 4771 4772 4786
}

trade_company_baltic_sea = {
	1 2 3 4 5 1985 8 9 11 18 19 25 27 28 29 31 35 37 38 39 40 271 273 1930 1935 1936 41 42 43 1841 767 2958 2997 4113 4114 4123 4152 4166 270 36 1834 1842 4241
	4534
}

trade_company_english_channel = {
	167 168 1879 4385 #normandy_area
	87 88 89 1743 #picardy_area
	241 242 4366 4369 #wales_area
	245 4367 4368 4785 #yorkshire_area
	239 240 244 4372 4375 #west_midlands_area
	243 1860 1861 4370 4376 #east_midlands_area
	233 234 4130 4373 4374 #wessex_area
	235 236 237 238 4371 #home_counties_area
	92 95 98 99 2974 #netherlands & brabant_area
	96 97 4383 #holland_area
	100 1931 4381 4382 #frisia_area
	90 1744 1865 #flanders_area
	4769 4770 1742
}

trade_company_bordeaux = {
	190 195 199 # massif_central_area
	169 170 171 172 4384 #brittany_area
	194 198 4112 #guyenne_area
	180 4111 4386 4387 #poitou_area
	173 209 210 #basque_country
	174 175 176 #pyrenees_area
	177 178 4389 #loire_area
	2989
	4694 4697 4777 # new for 1.30
}

trade_company_sevilla = {
	206 207 208 1746 215 216 231 232 217 218 219 221 222 223 224 225 226 227 228 229 230 334 335 367 1745 1747 1748 1749 1751 1851 2754 2755 2751 4150 
	4546 4547 4548 4551 4552 4553 4554 4555 4556 4558
	4561 4563 368 366 4565 4787 4788 4789
}

trade_company_safi = {
	344 345 346 347 348 1110 2460 2464 2466 2467 2468 2469 2470 342 343 349 2459 2462 2463 336 337 338 2461 2465
	4564 4562 4568
}

trade_company_timbuktu = {
	1115 2237 2240 1122 1125 2251 1135 1137 2265 2266 1136 2256 2267 2252 2253 2254 2255 1138 2247 1120 1121 1124 1123 1131 1132 1134 1133 1142 2243 2244 2245 2246 2248 2249 2250 2259 2260 2261 2262 2263 2264 2268 2269 2270 1127 1128 1129 1130 2271 1140 1143 2291 2292 2295 
}

trade_company_valencia = {
	197 212 213 2987 2988 #catalonia_area
	220 1750 4549 4550 #valencia_area
	211 214 2990 4557 #aragon_area
	333 4559 4560 # Baleares
	196 200 2753 4391 4695 #languedoc_area
}

trade_company_champagne = {
	182 183 185 4388 #ile_de_france_area
	179 184 4776 # Orleans area
	181 186 4390 #champagne_area
	187 188 189 #lorraine_area
	165 1867 1871 #romandie_area
	91 93 94 1866 #wallonia_area
	191 192 193 1877 4392 #bourgogne_area
	203 204 205 4719 #savoy_dauphine_area
	4720 4721 4764 4766 
}

trade_company_genua = {
	124 125 126 2982 #sicily_area
	115 116 117 2978 2980 #tuscany_area
	123 1934 2984 #calabria_area
	101 102 2992 #liguria_area
	103 1875 2981 #piedmont_area
	127 1247 2986 #corsica_sardinia_area
	201 202 2991 #provence_area
	4696  # new for 1.30
	4727 4735 4736 4737 # also new for 1.30, but this time it's in Italy
	118 2976 4731 4732 # lazio-umbria
	121 2983 4734 # campania
	104 1862 2979 4728 4740 # Lombardy
}

trade_company_tunis = {
	355 339 340 341 350 351 352 353 354 1882 2448 2449 2450 2451 2452 2453 2454 2455 2456 2457 2458 2472 2473 2474 2954 4566 4567
}

trade_company_rheinland = {
	56 72 74 75 77 78 79 80 81 82 83 84 85 86 1760 1761 1869 1870 1876 1878 1880 2973 2975 166 1873 2972 1762 66 67 
	4714 4718 4715 4716 4717 71 69
	4722 4765 4767 4768 4774 4775
}

trade_company_saxony = {
	49 50 57 62 63 1758 51 60 61 267 1759 1763 1771 52 58 59 2964 2965 2967 2971 2969 266 2968 2970 2993
	4724 4725 4741 4742 4743 4744 4747 4748 4773 4778
}

trade_company_wien = {
	64 65 76 128 132 133 134 1757 1770 1863 2955 2956 2957 68 1868 70 1872 73 110 1768
	4707 4708 4709 4710 4711 4712 4713
	4758 4759 4760 4761 4762 # Austria 1.30
	265 4237 4726 # Moravia
}

trade_company_venice = {
	105 106 107 108 109 111 112 113 114 119 120 122 129 130 1769 1774 1933 2977 2985 4729 4730 4733 4738 4739 4751
}

trade_company_krakow = {
	258 259 260 261 262 263 264 1940 256 257 1938 1939 254 255 2424 2959 2960 2961 2966 
	4238 2963 1859 4523 4524 4526 4528 4525 4527 4533 4541
	4723
}

trade_company_pest = {
	135 153 1864 4126 4240 # Transdanubia
	155 1953 1954 4125 # Alfold
	154 162 1318 1772 4236 # Slovakia
	157 158 1952 4127 # Northern Transylvania
	156 1951 4128 # Southern Transylvania
	152 1767 4173 4756 # Slavonia
	160 161 2998 4531 4532 # wallachia_area
}

trade_company_ragusa = {
	137 138 139 140 141 142 143 144 147 1766 1827 1831 1853 3000 3002 3001 4174 4175 4176 131 148 1828 136 1826 4239
	145 146 163 1773 #morea_area
	4702 4699 4698 4701 4750 4752 4753 4754 4755 4757 4780 # 1.30
}

trade_company_constantinople = {
	149 151 1764 325 328 2299 2304 150 159 1765 2746 2750
	329 1846 2300 4314 4315 #rum_area
	316 317 2296 #hudavendigar_area
	322 1848 4308 4311 #germiyan_area
	318 319 2297 2298 4309 #aydin_area
	326 4312 4313 #ankara_area
	164 320 2348 3003 #aegean_archipelago_area
	4700 4703 4704 4705 4706 4779 # 1.30
}

trade_company_alexandria = {
	1234 2322 2323 #lower_nubia_area
	364 379 1854 #palestine_area
	384 2329 2330 #medina_area
	383 2328 4268 4269 #tabuk_area
	385 2331 2332 4277 4278 #mecca_area
	380 381 2327
	365 2315 2320 2321 #gulf_of_arabia_area
	1233 2318 4323 #al_wahat_area
	358 362 363 #delta_area
	361 2316 4316 4317 #bahari_area
	359 2317 4318 #vostani_area
	360 1231 2319 4319 4320 #said_area
	356 357 2325 2326 #cyrenaica_area
}

trade_company_katsina = {
	1144 1146 1162 1145 1152 1153 1150 1154 1155 1156 1157 1158 1160 1161 1249 1149 1148 2273 2272 2274 2275 2276 2277 2278 2279 2280 2281 2282 2283 2284 2285 2286 2287 2288 2293 2475 1159 
}

trade_company_ethiopia = {
	774 1217 1218 1222 1228 2756 2757 2758 2759 2760 2761 2762 2763 2772 2791 2778 2785 2797 2766 2767 2769 2770 2771 2779 2780 2781 1224 1213 1223 1214 1216 1221 2800 2801 2802 1229 1225 1226 1227 1220 1207 1208 1210 2798 2799 1219 2776 2932 4033 4158 2777 4051 4052 
}

trade_company_kongo = {
	798 1169 1170 1901 2948 2949 4081 4082 4083 4084 4085 4086 4087 4088 4089 4090 4091 4092 4093 4094 4095 4096 4107 4098 4100 4101 4102 4103 4097 4099 4105 4109 
}

trade_company_great_lakes = {
	1273 1649 1798 1799 1925 4053 4054 4055 4056 4057 4058 4059 4060 4061 4062 4063 4064 4065 4066 4067 4068 4069 4070 4071 4072 4073 4074 4075 4076 4077 
}

trade_company_zambezi = {
	1184 1185 1187 1188 1189 1190 1191 2950 2951 2952 4034 4035 4036 4037 4038 4039 4040 4041 4042 4043 4044 4045 4046 4047 4048 4050 4104 4106 4108 
}

trade_company_gulf_of_aden = {
	2324 2775 2782 2783 2786 2788 2789 2790 2793 2794 2795 2024 1205 1206 1209 1212 1215 1230 2765 2773 2792 2784 1211 2764 2787 1232 1779 
	2768 #Angot
	401 2341 2342 #dhofar_area
	402 1099 4284 #mahra_area
	387 2346 4279 #tihama_al_yemen_area
	390 2344 4281 #upper_yemen_area
	388 2345 4280 #yemen_area
	386 391 4282 #asir_area
	389 2343 4283 #hadramut_area
}

trade_company_kiev = {
	272 279 281 770 1937 1943 2962 277 278 1941 
	291 298 299 2408 #sloboda_ukraine_area
	293 297 4244 4245 #smolensk_area
	296 300 4116 #oka_area
	280 1942 1944 4247 #west_dniepr_area
	289 290 1945 2407 #east_dniepr_area
	292 771 4246 #White Ruthenia
	276 4115 4242 #minsk_area
	4538 4537 4536 4535 4545 4544 4540 4539 4542 4543 269
}

trade_company_novgorod = {
	30 32 309 4124 33 34 1961 
	274 275 1960 4148 #pskov_area
	310 311 1959 2749 4260 #novgorod_area
	294 1752 4243 4248 4249  #tver_area
	301 1778 4255 #ryazan_area
	295 4251 4252 #moscow_area
	307 4147 4253 #vladimir_area
	308 1753 4117 4250 #yaroslavl_area
	1754 1956 4254 #suzdal_area
	312 4259 4261 #beloozero_area
}

trade_company_crimea = {
	462 1856 463 2201 2195 2197 282 1974 2406 286 287 2413 2414 284 285 2410 2447 283 2411 2412 330 331 2305 422 268 1756 2405 
	423 2203 4301 #kartli_kakheti_area
	2196 2204 4303 #samtskhe_area
	4529 4530
}

trade_company_aleppo = {
	418 2306 2307 4295 4296 #north_kurdistan_area
	377 1849 2313 4298 #aleppo_area
	378 382 1855 4297 #syria_area
	407 411 2309 2314 4292 #al_jazira_area
	332 2303 2308 4310 #dulkadir_area
	405 4270 4271 #syrian_desert_area
	321 327 2302 #cukurova_area
	323 324 2301 4307 #karaman_area
}

trade_company_kazan = {
	306 1079 1083 1957 #galich_area
	2421 4265 4267 #volga_area
	475 1965 1966 2420 2444 #bashkiria_area
	473 1081 2423 #samara_area
	1082 2422 4264 #kazan_area
	305 1962 1972 4266 #kama_area
}

trade_company_astrakhan = {
	288 303 465 467 469 470 474 1971 2365 2367 2366 2409 2418 2419 472 471 464 466 468 2416 2417 
	302 304 2415 #tambov_area
	425 2198 2199 2208 4306 #dagestan_area
}

trade_company_basra = {
	412 2217 4289 4290 4342 #khuzestan_area
	394 395 396 2340 2347 #bahrain_area
	393 2338 4272 #nafud_area
	392 2337 4273 4274 #qasim_area
	2335 2336 2339 4275 #yamamah_area
	408 2311 2312 4288 #basra_area
	406 409 410 2310 4291 #iraq_arabi_area
	413 414 2209 2210 #luristan_area
	415 2211 4293 4294 #shahrizor_area
}

trade_company_persia = {
	435 2224 2229 2230 #sistan_area
	436 4334 4336 #birjand_area
	446 4324 4325 #herat_area
	2221 2235 2236 4326 #mashhad_area
	417 426 2214 4339 4341 #tabarestan_area
	427 428 2213 2216 4337 #iraq_e_ajam_area
	429 433 2222 4335 4171 #isfahan_area
	419 420 2202 2205 4302 #armenia_area
	421 424 4299 4305 4340 #shirvan_area
	416 2206 2207 4304 #tabriz_area
	2212 2215 4300 4338 #azerbaijan_area
}

trade_company_hormuz = {
	397 398 404 2333 #pirate_coast_area
	432 2220 2234 4345 #kerman_area
	434 575 2231 2232 2233 #makran_area
	430 2219 2223 4332  #persian_gulf_coast
	2218 4329 4330 4331 #farsistan_area
	403 4285 4287 #oman_area
	399 400 4286 #mascat_area
	431 2999 4327 #mogostan_area
}

trade_company_siberia = {
	1782 1781 1071 479 1054 1059 1061 1062 1063 1064 1067 1068 1070 480 1069 1073 1074 1080 1078 1075 1076 2357 2369 2427 2428 2429 2430 2431 2432 2433 2434 2436 2437 2442 2443 2445 1072 1780 1045 2435 1051 2441 2354 716 1065 1066 
	1060
	4679 4686 4687 4688 4689 4690 4691 4692
}

trade_company_samarkand = {
	440 441 442 444 445 453 454 455 456 457 459 476 477 1967 1969 1970 1973 461 478 2126 2370 2362 2363 2356 2364 2368 2355 2360 2361 2358 2352 2351 2353 2359 458 2125 460 2350 437 438 439 443 2349 739 2124 2127 4209 4210 
	1968 4344 4343 #termez_area
	4685
}

trade_company_girin = {
	1850 1049 2107 2108 2111 2106 2186 1058 2102 2104 1053 2103 1034 1035 1036 1037 1038 1039 1040 1041 1042 1043 1044 1046 1047 1052 1783 2438 2439 2440 2446 1055 1056 1057 730 2110 2188 4201 1033 1048 1050 4214 4216 729 731 2105 4215 4217 722 2109 2187 4202 4203 724 725 4218 727 728 2185 4200
	4654 4655 4656 4657 4658 4659 4660 4661 4662 4653 4663
	4664 4665 4674 4675 4672 2115
}

trade_company_nippon = {
	1012 1014 1017 1018 1019 1020 1021 1023 1024 1025 1026 1027 1028 1029 1030 1031 1032 1818 1819 1820 1825 1830 1832 1835 1837 1839 1843 1847 1852 4131 4180 4181 4182 4183 4184 4185 4186 4187 4188 4189 4190 4191 4192 4193 1015 4359 4360 4651
	1845 2744 4232 #pyongan_area
	732 2742 2743 #hamgyeong_area
	733 735 4230 4231 #western_korea_area
	734 736 2694 2745 4227 #eastern_korea_area
	737 1013 2741 4228 4229 #south_korea_area
}

trade_company_yumen = {
	710 1786 707 708 711 714 719 1784 2118 2119 2123 2189 2190 2194 2182 2184 2122 4206 4207 717 721 2116 4219 4220 720 2193 4221 713 715 2120 4208 718 2117 4222 712 2121 2192 
	4673 4666 4667 723 4669 4668 4681 4683 4682 4678 4677 4680 4684 4693
}

trade_company_xian = {
	687 1836 2181 2180 698 699 688 692 2183 2175 2176 681 682 2171 2172 4197 689 700 2179 4198 701 709 2191 4223 
	4676
}

trade_company_chengdu = {
	2132 2167 678 2135 2131 2133 660 661 2165 2166 679 680 4212 2169 2170 4211 675 2168 2748 4213
}

trade_company_lhasa = {
	2129 2128 676 705 706 2134 4204 677 2130 4205 
	565 4481 4482 #bhutan_area
	557 2070 2071 4483 4485 #nepal_area
	4514 4515 4516 4517 4518 4519 4520 #new tibetan provinces
}

trade_company_lahore = {
	508 2073 2074 4449 4521 #kashmir_area
	507 2075 2076 4510 4513 #lahore_area
	506 2079 2086 4508 4509 #multan_area
	2077 2078 4511 #sind_sagar_area
	510 2065 4411 4463 #sirhind_area
	576 577 2068 #kalat_area
	448 451 452 578 2226 #kabulistan_area
	447 449 2225 #ghor_area
	450 2227 2228 #balkh_area
}

trade_company_polynesia = {
	1238 1242 1244 1989 1243
	1990 1992 1240 1997
	1235 1995 1996 1241 1991
	1993 1994 1988 1986 1236
	1987 1239
}

